"ID","MJD","mag","magerr","RA","Dec"
1104025016540,53709.2741170139,13.55881,0.0532034777012814,70.14574,3.53939
1104025016540,53709.2815466668,13.564465,0.0532046728450947,70.14573,3.5394
1104025016540,53709.2889483101,13.567966,0.0532201844018831,70.14574,3.53938
1104025016540,53709.2964474075,13.56063,0.0531995494873761,70.14573,3.53939
1104025016540,53733.285149734,13.547366,0.0532491216228871,70.14573,3.53938
1104025016540,53733.2901606248,13.547532,0.053247359587163,70.14574,3.53939
1104025016540,53733.2949703587,13.54283,0.0532447835623167,70.14574,3.53937
1104025016540,53733.299878588,13.543714,0.0532625608634608,70.14576,3.53937
1104025016540,53678.4275652429,13.555202,0.0560243779993786,70.14572,3.53937
1104025016540,53678.4304968633,13.557006,0.0560165881027097,70.14573,3.53941
1104025016540,53678.4334003704,13.559879,0.056052353586334,70.14572,3.53941
1104025016540,53678.4363170604,13.562941,0.0560625060753347,70.14572,3.5394
1104025016540,53686.3903067247,13.584835,0.0533373113012199,70.14574,3.53938
1104025016540,53686.397896227,13.607143,0.053417055620788,70.14573,3.53938
1104025016540,53686.4054962499,13.639105,0.0535084197026903,70.14574,3.53938
1104025016540,53686.4130964005,13.646707,0.0535314451192078,70.14574,3.53938
1104025016540,53696.3434687154,13.533312,0.0535124050481794,70.14574,3.5394
1104025016540,53696.3487819443,13.536263,0.0533522495140455,70.14573,3.53937
1104025016540,53696.3540937849,13.539181,0.053458895548038,70.14574,3.53939
1104025016540,53696.3594132639,13.551881,0.0534742046061422,70.14575,3.53938
1104025016540,53703.2379607521,13.780888,0.0540320860203778,70.14573,3.53937
1104025016540,53703.246562338,13.753217,0.0539328453466017,70.14574,3.53938
1104025016540,53703.2551496876,13.723008,0.0538233012319962,70.14575,3.53941
1104025016540,53703.2637663195,13.688369,0.0537236014970973,70.14575,3.53938
1104025016540,53644.4401545487,13.550248,0.0535163693193643,70.14574,3.53939
1104025016540,53644.447797176,13.547284,0.0535043840175277,70.14575,3.5394
1104025016540,53644.4554410763,13.551302,0.0535164285514749,70.14574,3.53938
1104025016540,53644.4630545368,13.55239,0.0535140607333151,70.14574,3.53938
1104025016540,53668.4145568633,13.542406,0.0532414225716374,70.14574,3.53937
1104025016540,53668.4265767941,13.546145,0.0532550847865963,70.14574,3.53938
1104025016540,53668.4387167478,13.531075,0.0532146895148789,70.14574,3.53939
1104025016540,53668.4507561112,13.545935,0.05324730854004,70.14574,3.53937
1104025016540,53674.3821852082,13.558192,0.0532683115163127,70.14573,3.53938
1104025016540,53674.3896193751,13.546905,0.0532521134707095,70.14572,3.53945
1104025016540,53674.3971000696,13.552652,0.0532683373463015,70.14575,3.53938
1104025016540,53674.4045700114,13.543022,0.0532475893175971,70.14574,3.53937
1104025016540,53638.4503117479,13.542573,0.0534570876275122,70.14581,3.53939
1104025016540,53638.4568059375,13.542594,0.0534490167334078,70.1458,3.5394
1104025016540,53638.4633228472,13.54071,0.0534495308396843,70.14579,3.53941
1104025016540,53638.4698974537,13.54697,0.0534575466137698,70.1458,3.53939
1104025016540,54070.1946517823,13.561634,0.0556296764573722,70.14574,3.53935
1104025016540,54070.1997026156,13.55694,0.0556047521481071,70.14574,3.53938
1104025016540,54070.2047536688,13.548415,0.0555529566552481,70.14575,3.53936
1104025016540,54070.2098144561,13.544503,0.0555113406406218,70.14571,3.53937
1104025016540,54080.3873732984,13.570833,0.0531986556937963,70.14575,3.53939
1104025016540,54080.3939367016,13.55587,0.0531921152489359,70.14575,3.53938
1104025016540,54080.4004980209,13.551338,0.0531994253218374,70.14575,3.53939
1104025016540,54080.4070396642,13.549056,0.0532514225917115,70.14575,3.53934
1104025016540,54090.29744728,13.558936,0.0530310786742071,70.14575,3.53939
1104025016540,54090.3055458334,13.557386,0.0530264519627704,70.14574,3.53938
1104025016540,54090.3136164933,13.562843,0.0530605988931664,70.14575,3.53937
1104025016540,54090.3216553126,13.55518,0.0530422490568569,70.14574,3.53939
1104025016540,53739.237057257,13.549993,0.0531818589745567,70.14574,3.53936
1104025016540,53739.2434593057,13.55456,0.053198258599988,70.14573,3.53938
1104025016540,53739.2498802315,13.547329,0.0531700999885606,70.14574,3.53937
1104025016540,53739.2562889932,13.551494,0.0531883607103987,70.14574,3.53941
1104025016540,53758.2038787962,13.57257,0.0533531432691414,70.14575,3.53939
1104025016540,53758.2103824653,13.567843,0.053342474373429,70.14574,3.53939
1104025016540,53758.2168533914,13.554672,0.0533211389635078,70.14574,3.53938
1104025016540,53758.22330603,13.549969,0.0533084642748584,70.14574,3.53936
1104025016540,53765.1820422686,13.689732,0.0539886293173134,70.14576,3.53939
1104025016540,53765.1884754514,13.72228,0.0543694374713602,70.14575,3.53939
1104025016540,53765.1949829515,13.738771,0.0542047496696469,70.14575,3.53942
1104025016540,53765.2014189237,13.758454,0.0543764333238356,70.14574,3.5394
1104025016540,53798.1537967706,13.569106,0.0534199765370383,70.14575,3.5394
1104025016540,53798.1608706252,13.559664,0.0534061436738373,70.14576,3.53937
1104025016540,53798.1671888772,13.557001,0.0534287109337805,70.14575,3.5394
1104025016540,53798.1732225115,13.550156,0.0534275815666407,70.14575,3.53938
1104025016540,54052.3097538543,13.55062,0.0529492450188648,70.14573,3.53937
1104025016540,54052.3163033682,13.552547,0.0529562155088972,70.14573,3.53938
1104025016540,54052.3228313541,13.550144,0.0529471489745012,70.14573,3.53938
1104025016540,54052.3293832988,13.553098,0.0529530590178714,70.14573,3.53938
1104025016540,54058.3737821295,13.547224,0.0529338443969752,70.14574,3.53939
1104025016540,54058.3797257175,13.550275,0.0529474696231254,70.14574,3.53938
1104025016540,54058.3857231252,13.553989,0.0529595288585063,70.14574,3.53938
1104025016540,54058.3917326736,13.54923,0.0529508295320771,70.14575,3.53939
1104025016540,54025.3651181599,13.904942,0.0539818465813969,70.14572,3.53937
1104025016540,54025.3715192825,13.913012,0.0540195747565104,70.14572,3.53937
1104025016540,54025.3779229629,13.896681,0.0539451041625938,70.14571,3.53937
1104025016540,54025.3843246643,13.894475,0.0539351350212415,70.14573,3.53938
1104025016540,53997.4755832753,13.550386,0.0529147494639151,70.14572,3.53938
1104025016540,53997.4853030788,13.554286,0.0529184832939882,70.14574,3.53938
1104025016540,53997.4950406021,13.543704,0.0528987998695437,70.14574,3.53937
1104025016540,53997.5047375001,13.555968,0.0529187983363741,70.14574,3.53939
1104025016540,54008.4705922338,13.550471,0.0529820818302137,70.14573,3.53938
1104025016540,54008.4781000116,13.552507,0.0529894128927286,70.14573,3.53937
1104025016540,54008.4856221411,13.557799,0.0529970190572056,70.14573,3.53938
1104025016540,54438.3697924651,13.549931,0.0530084943660373,70.14575,3.53937
1104025016540,54438.3762603821,13.547564,0.0530036424715202,70.14574,3.5394
1104025016540,54438.3827445023,13.553698,0.0530197816438017,70.14575,3.53937
1104025016540,54438.3892335994,13.551697,0.0530317535408557,70.14574,3.53937
1104025016540,54452.2528409143,13.541174,0.0529807940620786,70.14573,3.53937
1104025016540,54452.2593956366,13.53969,0.0529720465274741,70.14572,3.53936
1104025016540,54452.2659554514,13.544982,0.0529819289914552,70.14574,3.53935
1104025016540,54452.2725539235,13.527662,0.0529431355166727,70.14573,3.53937
1104025016540,54108.2743807291,13.55895,0.0531789607872189,70.14575,3.53938
1104025016540,54108.2820164119,13.56201,0.0531987301590074,70.14573,3.53939
1104025016540,54108.2896370487,13.551137,0.0531685381656544,70.14575,3.53939
1104025016540,54108.2972270022,13.561187,0.053225192536785,70.1458,3.53937
1104025016540,54127.1268954166,13.547826,0.0536092217418841,70.14573,3.53936
1104025016540,54127.1357230554,13.553993,0.0536132705567242,70.14574,3.53938
1104025016540,54127.1445563655,13.5354,0.0535626636897593,70.14572,3.53936
1104025016540,54127.1533897916,13.55086,0.0536111204983494,70.14573,3.53936
1104025016540,54173.1374663771,13.561924,0.0531651752978261,70.14578,3.53939
1104025016540,54173.1439492246,13.555812,0.0531774154395757,70.14576,3.53938
1104025016540,54173.1504295254,13.557563,0.0531925604049914,70.14577,3.53942
1104025016540,54173.1568910647,13.557703,0.0532002946672724,70.14578,3.5394
1104025016540,54180.102094884,13.573765,0.0531699290951917,70.14575,3.53938
1104025016540,54180.1074514003,13.563665,0.0531985564118209,70.14573,3.53938
1104025016540,54180.1128643979,13.563594,0.0532186019046951,70.14573,3.53939
1104025016540,54180.1182587617,13.558244,0.0532150903814081,70.14574,3.53937
1104025016540,54407.4219381828,13.531442,0.0530126263446715,70.14573,3.53936
1104025016540,54407.428449722,13.534989,0.0530125373764515,70.14574,3.53937
1104025016540,54407.4349069907,13.536604,0.0530249499264974,70.14574,3.53936
1104025016540,54407.441417153,13.540193,0.0530356731663901,70.14575,3.53937
1104025016540,54413.3682119907,13.536517,0.0530770698186574,70.14573,3.53936
1104025016540,54413.3747466896,13.540703,0.0530370946165158,70.14572,3.53937
1104025016540,54413.3813654282,13.531883,0.0530255326452144,70.14573,3.53935
1104025016540,54413.3878797568,13.519706,0.0530781798035106,70.14573,3.53936
1104025016540,54419.2610115046,13.55137,0.0531334806480884,70.14571,3.53937
1104025016540,54419.267544236,13.550942,0.0531375722461088,70.14571,3.53936
1104025016540,54419.2740879632,13.544769,0.0531295657302428,70.14571,3.53935
1104025016540,54419.2806047225,13.545951,0.0531375962024186,70.14569,3.53936
1104025016540,54383.386199676,13.755895,0.0537625913867876,70.14571,3.53934
1104025016540,54383.4002701622,13.703038,0.0535692624908973,70.14572,3.53937
1104025016540,54383.4143610299,13.663139,0.0534268196379269,70.14571,3.53935
1104025016540,54383.4284087154,13.62061,0.0532892540195147,70.14572,3.53936
1104025016540,54389.4367813426,13.541128,0.0529907074200744,70.14574,3.53938
1104025016540,54389.4450214468,13.535818,0.0529798125432632,70.14574,3.53937
1104025016540,54389.4532830902,13.534963,0.052976479755084,70.14574,3.53937
1104025016540,54389.4616155555,13.534011,0.0529776988152843,70.14574,3.53937
1104025016540,54356.4381220951,13.526899,0.0530838335556875,70.14574,3.53936
1104025016540,54356.4452538192,13.538855,0.0530986365702848,70.14575,3.53936
1104025016540,54356.4524583449,13.541575,0.0530957590771667,70.14574,3.53937
1104025016540,54356.4596135649,13.530019,0.0530531755509687,70.14577,3.53935
1104025016540,54803.3687122803,13.894096,0.0530383591454115,70.14573,3.53937
1104025016540,54803.3745292363,13.87867,0.0530060555638202,70.14573,3.53938
1104025016540,54803.3803076505,13.859526,0.0529498443835301,70.14574,3.53938
1104025016540,54803.3861350229,13.847415,0.0529146028038081,70.14572,3.53936
1104025016540,54822.2802074188,13.542108,0.0529614683429072,70.14574,3.53936
1104025016540,54822.2861921992,13.535303,0.0529456961575271,70.14574,3.53937
1104025016540,54822.2922274536,13.538489,0.0529436686518762,70.14575,3.53936
1104025016540,54822.2982363193,13.547745,0.0529711569784753,70.14575,3.53936
1104025016540,54830.2256256715,13.543117,0.0529463796748879,70.14572,3.53935
1104025016540,54830.2316554859,13.542454,0.0529433061009618,70.14573,3.53937
1104025016540,54830.2377731484,13.54627,0.0529538743973741,70.14573,3.53936
1104025016540,54830.2437175349,13.546368,0.0529498872037152,70.14574,3.53936
1104025016540,54497.1488022339,13.541298,0.0530885983235461,70.14573,3.53937
1104025016540,54497.1546260184,13.550495,0.0533973499270135,70.14574,3.53936
1104025016540,54497.1604428589,13.53475,0.0532696293283979,70.14573,3.53938
1104025016540,54497.1662732409,13.529237,0.0532533167605115,70.14574,3.53937
1104025016540,54507.1441893517,13.532665,0.0530765382099848,70.14574,3.53936
1104025016540,54507.1517303474,13.534721,0.0531433794808901,70.14574,3.53936
1104025016540,54507.1593185766,13.538996,0.0532841384302073,70.14574,3.53937
1104025016540,54507.1668187152,13.554265,0.0534875408572505,70.14573,3.53936
1104025016540,54524.1501561343,13.84155,0.0539307711552621,70.14575,3.53936
1104025016540,54524.1572281248,13.856011,0.0539737237446631,70.14573,3.53936
1104025016540,54524.1642413195,13.831921,0.0539234870274394,70.14572,3.53937
1104025016540,54524.1713151736,13.814571,0.0538824798382877,70.14574,3.53938
1104025016540,54468.1406995603,13.538557,0.0540037497336171,70.14572,3.53941
1104025016540,54468.1451237383,13.526793,0.0535820082591629,70.14575,3.53937
1104025016540,54468.1495134258,13.530945,0.0534849183222106,70.14574,3.53937
1104025016540,54468.1538849422,13.549748,0.0536336130617504,70.14574,3.53936
1104025016540,54477.2290010071,13.540379,0.0529904220979232,70.14573,3.53936
1104025016540,54477.2365808911,13.537537,0.0529824749093611,70.14573,3.53936
1104025016540,54477.2441685419,13.531111,0.0529747615459036,70.14574,3.53936
1104025016540,54477.2516998146,13.539849,0.0529929917759426,70.14572,3.53936
1104025016540,54531.1085781944,13.539577,0.0531461219633113,70.14575,3.53937
1104025016540,54531.1150808334,13.542042,0.053163934159873,70.14577,3.53939
1104025016540,54531.1215896066,13.541627,0.0531595365531254,70.14575,3.53936
1104025016540,54531.1280925926,13.539305,0.0531638368535762,70.14576,3.53937
1104025016540,54538.1215310996,13.537838,0.0531739128732099,70.14575,3.53937
1104025016540,54538.1286305208,13.549845,0.0531814165637225,70.14575,3.53938
1104025016540,54538.1356960302,13.539175,0.0531824244422067,70.14574,3.53935
1104025016540,54538.1427359721,13.562482,0.0532328963140381,70.14575,3.53936
1104025016540,54772.3889583103,13.715408,0.0534656550751663,70.14571,3.53936
1104025016540,54772.3937039119,13.682365,0.0533807142651493,70.14572,3.53937
1104025016540,54772.3985820487,13.679287,0.0533766477297098,70.14572,3.53936
1104025016540,54772.4034342594,13.65532,0.0533180016783195,70.14574,3.53937
1104025016540,54787.3953206598,13.522995,0.0536213940869135,70.14575,3.53935
1104025016540,54787.4018930903,13.532123,0.0536728338114798,70.14576,3.53937
1104025016540,54787.4084583566,13.526152,0.0536627293959266,70.14574,3.53935
1104025016540,54787.4150539351,13.5282,0.053667438198171,70.14575,3.53935
1104025016540,54740.4592703008,13.556494,0.053156045924493,70.14571,3.53935
1104025016540,54740.4679165627,13.560665,0.0531705883487555,70.14572,3.53935
1104025016540,54740.4764912962,13.554761,0.0531506784055412,70.14573,3.53936
1104025016540,54740.4850373264,13.558794,0.0531499302216913,70.14571,3.53934
1104025016540,54748.4861814235,13.84075,0.0537905944289909,70.14571,3.53936
1104025016540,54748.491637141,13.842134,0.0537915511424036,70.14572,3.53935
1104025016540,54748.4972121874,13.798302,0.053668753592633,70.1457,3.53936
1104025016540,54748.5027902429,13.796717,0.0536673419850334,70.14571,3.53935
1104025016540,54763.3971058102,13.548738,0.0528832326048075,70.14573,3.53937
1104025016540,54763.4077337617,13.556146,0.052897970225938,70.14573,3.53936
1104025016540,54763.4183780439,13.554189,0.0528967680011688,70.14572,3.53936
1104025016540,54763.4290332059,13.561589,0.0529240159359887,70.1457,3.53937
1104025016540,55069.473634155,13.552746,0.0533008972868103,70.14571,3.53935
1104025016540,55069.4797344906,13.541037,0.0532666333783025,70.14573,3.53933
1104025016540,55069.4856947456,13.556509,0.0532865116874039,70.14571,3.53935
1104025016540,55069.491539618,13.553736,0.0532723455750043,70.1457,3.53935
1104025016540,54888.1284976504,13.556507,0.0530296848157333,70.14573,3.53936
1104025016540,54888.1364429514,13.563436,0.0530398733240907,70.14573,3.53936
1104025016540,54888.1443707757,13.531358,0.0529876811329228,70.14571,3.53928
1104025016540,54888.1523892363,13.562279,0.0530501698996188,70.14573,3.53937
1104025016540,54852.1284055091,13.540494,0.0531087817853607,70.14573,3.53936
1104025016540,54860.164304479,13.550089,0.05295942117674,70.14572,3.53937
1104025016540,54860.1691846992,13.553509,0.052967149147192,70.14574,3.53935
1104025016540,54860.173956227,13.553842,0.0529683612952759,70.14573,3.53936
1104025016540,54860.1788033447,13.551413,0.0529587752349287,70.14572,3.53934
1104025016540,54911.1172530442,13.563102,0.053373165480576,70.14578,3.53937
1104025016540,54911.1240566322,13.553483,0.0533558272027427,70.14573,3.53937
1104025016540,54911.1317946296,13.569763,0.053320074858868,70.14581,3.53935
1104025016540,54911.1378113655,13.543576,0.0532675884302232,70.14573,3.53938
1104025016540,55144.4173562382,13.553938,0.0532132621775274,70.14574,3.53935
1104025016540,55144.4246172453,13.551402,0.0532132371469648,70.14572,3.53936
1104025016540,55144.4318618402,13.547008,0.0532049468480828,70.14573,3.53937
1104025016540,55144.4390880326,13.546649,0.0532170208432035,70.14572,3.53936
1104025016540,55158.2781191203,13.545979,0.0531060046081852,70.14572,3.53935
1104025016540,55158.2852406711,13.541886,0.0530988238938044,70.14573,3.53935
1104025016540,55158.2924754284,13.551951,0.0531187510465888,70.14572,3.53936
1104025016540,55158.2997153704,13.541922,0.0530914636495362,70.14571,3.53934
1104025016540,55158.306970729,13.54825,0.0531053462837376,70.14573,3.53935
1104025016540,55125.4551452431,13.674844,0.0535924027470108,70.14573,3.53936
1104025016540,55125.4627000345,13.694645,0.0536372087883643,70.14573,3.53935
1104025016540,55125.4702410186,13.721263,0.05372356848285,70.14571,3.53938
1104025016540,55125.4778307406,13.751296,0.0538105380392574,70.14573,3.53936
1104025016540,55096.456311435,13.547107,0.053215566530304,70.14575,3.53935
1104025016540,55096.4618387036,13.551679,0.0532213156371631,70.14572,3.53934
1104025016540,55096.4673394328,13.556341,0.0532229006003692,70.14573,3.53938
1104025016540,55096.4728439003,13.55113,0.0532155164032362,70.14571,3.53936
1104025016540,55536.3384914701,13.539145,0.0532588060083418,70.14572,3.53934
1104025016540,55536.3536647917,13.545307,0.0533298351383373,70.14572,3.53937
1104025016540,55536.3612900232,13.530997,0.0532632818888384,70.14574,3.53936
1104025016540,55539.2919731829,13.548767,0.0531919668890074,70.14571,3.53934
1104025016540,55539.3083330556,13.545357,0.053194119352718,70.14571,3.53933
1104025016540,55539.3164526969,13.546752,0.0531928572392708,70.14572,3.53935
1104025016540,55245.1197098959,13.52339,0.0531651022649229,70.14574,3.53934
1104025016540,55206.1309925118,13.551941,0.0532545208749593,70.14573,3.53935
1104025016540,55206.1361271641,13.547899,0.0531307344909365,70.14573,3.53934
1104025016540,55206.1413124884,13.5577,0.0534503594246582,70.14573,3.53933
1104025016540,55206.1464724303,13.528964,0.0538663768895279,70.14574,3.53935
1104025016540,55512.3319950695,13.549938,0.0531783719202105,70.1457,3.53935
1104025016540,55512.3481103703,13.551764,0.053180949697398,70.1457,3.53934
1104025016540,55512.3561986457,13.551691,0.0531798199118004,70.1457,3.53933
1104025016540,55528.3144705786,13.554034,0.0545781568862928,70.14572,3.53933
1104025016540,55528.3287274536,13.550243,0.0546396795594317,70.1457,3.53935
1104025016540,55528.3356721529,13.555475,0.0546607901526698,70.1457,3.53935
1104025016540,55481.4600253934,13.524105,0.0531486277129409,70.1457,3.53933
1104025016540,55481.4751423961,13.533534,0.0531826457625428,70.14569,3.53934
1104025016540,55481.4826451042,13.530076,0.0531766310306777,70.1457,3.53934
1104025016540,55498.3834673264,13.544342,0.0532399478087723,70.14571,3.53936
1104025016540,55498.3973321528,13.551332,0.0532634621913195,70.14571,3.53935
1104025016540,55498.4042901388,13.545569,0.0532486362481127,70.14572,3.53935
1104025016540,55600.1675299651,13.55669,0.0525127191709463,70.14573,3.53934
1104025016540,55600.1757570024,13.56733,0.0525300391395885,70.14573,3.53934
1104025016540,55600.1840712152,13.556304,0.0525217264438206,70.14574,3.53935
1104025016540,55600.1923125809,13.557386,0.0525299575721138,70.14573,3.53934
1104025016540,55563.2571135764,13.552655,0.0534233526425906,70.14572,3.53934
1104025016540,55563.2645339584,13.552901,0.05342808969555,70.14572,3.53935
1104025016540,55563.2720678933,13.549937,0.0534007677548671,70.1457,3.53933
1104025016540,55563.2795865624,13.555779,0.0534265939422339,70.1457,3.53933
1104025016540,55570.1956714005,13.546786,0.0532948825467579,70.14573,3.53936
1104025016540,55570.201918148,13.544425,0.0532979530338204,70.14572,3.53935
1104025016540,55570.2081803819,13.553958,0.0533061934344939,70.14572,3.53936
1104025016540,55570.2144282293,13.550963,0.0533000555735023,70.14572,3.53935
1104025016540,55586.2065761229,13.61811,0.0538554069546139,70.14573,3.53934
1104025016540,55586.2138504861,13.598848,0.0539995103731459,70.14572,3.53934
1104025016540,55586.2214298956,13.573093,0.0545701000607296,70.14573,3.53937
1104025016540,55586.2291562036,13.851412,0.0601600909386367,70.14567,3.53934
1104025016540,55589.2106091436,13.538403,0.0532067663273773,70.14571,3.53933
1104025016540,55589.2157149422,13.547121,0.0532341878069314,70.14572,3.53934
1104025016540,55589.2209217013,13.549256,0.0532374587864522,70.14572,3.53935
1104025016540,55589.2261335417,13.541007,0.0532134374015452,70.1457,3.53934
1104025016540,55628.109730463,13.580851,0.0542373038420975,70.14574,3.53935
1104025016540,55628.1143515278,13.545516,0.0534289933845632,70.14574,3.53936
1104025016540,55628.1189666898,13.564093,0.0534970714343905,70.14573,3.53938
1104025016540,55628.1235998957,13.546142,0.053441919655864,70.14573,3.53935
1104025016540,55245.1286942824,13.498814,0.0531879166328766,70.14574,3.53936
1104025016540,55245.1355309724,13.513355,0.0533731380879058,70.14575,3.53934
1104025016540,55245.1423867708,13.50618,0.0533655390001589,70.14575,3.53935
1104025016540,55245.1493131714,13.563973,0.0538975085634636,70.14576,3.53934
1104025016540,55862.3843081249,13.539275,0.0530879467326426,70.14573,3.53939
1104025016540,55862.3934348729,13.549497,0.0531228786693815,70.14574,3.53939
1104025016540,55862.4025838426,13.53924,0.0530913703917419,70.14575,3.53938
1104025016540,55862.4117311919,13.535024,0.0530861329110276,70.14575,3.53938
1104025016540,55827.4348325346,13.579374,0.052434759797427,70.14572,3.53936
1104025016540,55827.4450595834,13.573475,0.0524087217351104,70.14571,3.53937
1104025016540,55827.4553050579,13.57678,0.0524177904489149,70.14573,3.53938
1104025016540,55827.4655323032,13.568925,0.0523961554658911,70.14575,3.53936
1104025016540,55833.4022079744,13.57451,0.0532867987802981,70.14572,3.53937
1104025016540,55833.4073182177,13.57525,0.0532664269486142,70.14571,3.53938
1104025016540,55833.412432014,13.576613,0.0532554437336755,70.14573,3.53937
1104025016540,55833.4175170022,13.572488,0.0532253689643259,70.14571,3.53937
1104025016540,55881.440847639,13.541852,0.0531479045244233,70.14573,3.5394
1104025016540,55881.4460012498,13.541238,0.0531488447290145,70.14573,3.5394
1104025016540,55881.4511585184,13.551224,0.0531826703554412,70.14573,3.53938
1104025016540,55881.4563143286,13.532084,0.0531567725540189,70.14579,3.5394
1104025016540,55887.3129140623,13.560141,0.0531242092305444,70.14575,3.53939
1104025016540,55887.3213592707,13.560636,0.0531184193736566,70.14569,3.5394
1104025016540,55887.329880347,13.565991,0.0531263974104184,70.14573,3.5394
1104025016540,55887.3383369907,13.567626,0.0531254218962724,70.14573,3.5394
1104025016540,55854.438825903,13.552348,0.0530488054767284,70.14573,3.53939
1104025016540,55854.4444146063,13.544167,0.053031236118638,70.14571,3.53939
1104025016540,55854.450072072,13.5503,0.0530476693070811,70.14575,3.53938
1104025016540,55854.4557503704,13.542504,0.0530325187203642,70.14574,3.5394
1104025016540,55895.2854319213,13.543659,0.0523532280839882,70.14573,3.5394
1104025016540,55895.2949951043,13.550243,0.0523609867427394,70.14575,3.53938
1104025016540,55895.304615625,13.549176,0.0523555496893598,70.14572,3.53938
1104025016540,55895.3141637271,13.545874,0.0523469461094427,70.14573,3.53939
1104025016540,55922.242104942,13.547735,0.053145447964132,70.14575,3.53939
1104025016540,55922.2493726621,13.543935,0.0531373327014739,70.14573,3.53939
1104025016540,55922.2567173494,13.543445,0.0531394658295735,70.14574,3.53939
1104025016540,55922.2640563427,13.542561,0.0531460256614749,70.14573,3.53939
1104025016540,55928.2032807292,13.549987,0.0531308060737254,70.14572,3.53938
1104025016540,55928.2134478474,13.553311,0.0531341499467952,70.14573,3.53939
1104025016540,55928.2237652317,13.550517,0.0531316414281719,70.14574,3.53935
1104025016540,55928.2339728703,13.557273,0.0531412894856709,70.14572,3.53937
1104025016540,55975.1222722801,13.863146,0.0542423209200305,70.14575,3.53939
1104025016540,55975.1301879631,13.854964,0.0542230511643501,70.14571,3.53939
1104025016540,55975.1381110647,13.842493,0.0541731215342085,70.14569,3.53938
1104025016540,55975.1459452431,13.818751,0.0541195365607167,70.14574,3.5394
1104025016540,56003.1344553935,13.572386,0.0533618603124935,70.14575,3.53937
1104025016540,56003.14314728,13.562138,0.0533848175304282,70.14576,3.53939
1104025016540,56003.1518203705,13.573578,0.0533913080734817,70.14575,3.53938
1104025016540,56003.1603472568,13.57436,0.0534335185367603,70.14576,3.53937
1104025016540,56211.3318362846,13.795553,0.0541098292357582,70.14573,3.53939
1104025016540,56211.3397833682,13.812498,0.0541485098010476,70.14572,3.53938
1104025016540,56211.3477968634,13.848408,0.0542559190540077,70.14575,3.53936
1104025016540,56211.3557038889,13.876259,0.054314896271035,70.14575,3.53937
1104025016540,56219.4088637036,13.533957,0.0526051425435681,70.14574,3.53939
1104025016540,56219.4122213888,13.548895,0.0524938359405602,70.14574,3.53939
1104025016540,56219.4156238775,13.556903,0.0532796353930042,70.14573,3.53938
1104025016540,56219.4190600695,13.560873,0.0527169623323,70.14575,3.53938
1104025016540,56236.4912480208,13.5854,0.0526083388577152,70.1458,3.53939
1104025016540,56236.4985708332,13.565016,0.0525706139000078,70.14579,3.53939
1104025016540,56236.5059367361,13.574232,0.0526021757672399,70.14576,3.53939
1104025016540,56236.5132717363,13.599939,0.0526697010000897,70.14585,3.53942
1104025016540,56243.4390542939,13.557266,0.0524703194899032,70.14574,3.53938
1104025016540,56243.4445309605,13.5569,0.0524743169558382,70.14575,3.53937
1104025016540,56243.4500318401,13.557696,0.0524780265075303,70.14574,3.53938
1104025016540,56243.455537442,13.55164,0.0524694743939957,70.14575,3.53939
1104025016540,56253.4038979053,13.546911,0.0533038727810318,70.14572,3.53938
1104025016540,56253.4103331943,13.557251,0.0533396758634775,70.14574,3.53939
1104025016540,56253.4162016665,13.550061,0.0533352985096943,70.14574,3.53939
1104025016540,56253.4220016203,13.560813,0.0533634398658331,70.14577,3.53937
1104025016540,56256.2583571527,13.601512,0.0525995226828486,70.14574,3.53939
1104025016540,56256.2637625349,13.585398,0.052565106485034,70.14574,3.53938
1104025016540,56256.2692088772,13.575604,0.0525350233904428,70.14575,3.53939
1104025016540,56256.2746261804,13.5711,0.0525165125659987,70.14574,3.53938
1104025016540,56264.285523287,13.539453,0.0531775380356801,70.14576,3.53937
1104025016540,56264.2906325692,13.531372,0.0531547629633923,70.14574,3.53938
1104025016540,56264.2957695141,13.538244,0.0531803110321178,70.14574,3.5394
1104025016540,56264.3009147919,13.545746,0.053190014667898,70.14576,3.53937
1104025016540,56274.2715860418,13.552643,0.0524525680929367,70.14574,3.53939
1104025016540,56274.2770770484,13.545385,0.0524367156361717,70.14575,3.53939
1104025016540,56274.2825090623,13.548436,0.0524479063091774,70.14575,3.53939
1104025016540,56274.2879542479,13.551069,0.0524451503742982,70.14573,3.53939
1104025016540,56300.1064216551,13.695438,0.0570352844697636,70.1457,3.53934
1104025016540,56300.111478854,13.563752,0.0568897525692578,70.14571,3.53941
1104025016540,56300.1165489238,13.505933,0.0590532290514602,70.14574,3.5394
1104025016540,56300.1215812382,13.572345,0.0559692429776665,70.14575,3.53938
1104025016540,56309.1747447336,13.773213,0.0538568684506987,70.14572,3.53941
1104025016540,56309.1803743984,13.803493,0.0539525696424895,70.14575,3.53939
1104025016540,56309.1859825463,13.820795,0.0540016100052629,70.14573,3.53938
1104025016540,56309.1916485415,13.837706,0.0540538920635085,70.14572,3.53938
1104025016540,56328.2014974998,13.561009,0.0533063781620135,70.14572,3.53935
1104025016540,56328.2087495141,13.59006,0.0533766477297098,70.14573,3.53937
1104025016540,56328.216115972,13.601406,0.0534313111273155,70.14576,3.53938
1104025016540,56328.223404537,13.62323,0.0535201342950928,70.14574,3.5394
1104025016540,56549.4586260649,13.543429,0.0534920515462568,70.14574,3.53941
1104025016540,56549.4637161344,13.543947,0.0534849067202652,70.14575,3.53943
1104025016540,56549.4687396525,13.545052,0.0534773368549281,70.14575,3.53944
1104025016540,56549.4737537848,13.541057,0.0534732291407918,70.14575,3.53942
1104025016540,56568.4226523149,13.539298,0.0531610319727977,70.14576,3.53941
1104025016540,56568.4299185532,13.523695,0.0531134402153823,70.14575,3.53942
1104025016540,56568.437192176,13.543227,0.0531587310641461,70.14576,3.53942
1104025016540,56568.4443653706,13.54316,0.0531530748651457,70.14576,3.53942
1104025016540,56592.3090190161,13.544591,0.0533146206992146,70.14574,3.53943
1104025016540,56592.3141029859,13.550992,0.0540592383119925,70.14573,3.53943
1104025016540,56592.3192141322,13.565567,0.0542900916964648,70.14574,3.53943
1104025016540,56592.3242979632,13.553193,0.0541293693041279,70.14575,3.53943
