"ID","MJD","mag","magerr","RA","Dec"
1121040044043,53469.1508896761,13.468069,0.0522849274176271,118.47032,21.16386
1121040044043,53469.1590790972,13.449791,0.0522439750615507,118.47034,21.16385
1121040044043,53469.1671939585,13.447756,0.0522524065482795,118.47034,21.16387
1121040044043,53469.1757526044,13.452247,0.0522516038149313,118.47033,21.16387
1121040044043,53480.1954449075,13.440165,0.0523318116730635,118.47035,21.16386
1121040044043,53480.2035924192,13.427933,0.0523257108670167,118.47031,21.16386
1121040044043,53480.2117671296,13.43137,0.0523595675868876,118.47032,21.16385
1121040044043,53480.2199052661,13.433899,0.0523952791271748,118.47032,21.16385
1121040044043,53714.3092425116,13.485389,0.052401469747214,118.47036,21.16388
1121040044043,53714.3162135766,13.490582,0.0523901213146775,118.47034,21.16386
1121040044043,53714.3231573263,13.486453,0.0523930239573645,118.47036,21.16388
1121040044043,53714.3301002663,13.486716,0.0523784824781963,118.47035,21.16387
1121040044043,53725.2335893172,13.420264,0.0523519751671107,118.47036,21.16386
1121040044043,53725.241610324,13.409581,0.0523691823909822,118.47036,21.16387
1121040044043,53725.2496277313,13.428619,0.0523016445087573,118.47036,21.16386
1121040044043,53725.2576641319,13.449664,0.0523331032400857,118.47036,21.16385
1121040044043,53506.1490543983,13.398778,0.0524669264715665,118.47037,21.16389
1121040044043,53506.1539423727,13.42012,0.0524280722730313,118.47031,21.16387
1121040044043,53506.1588128703,13.432654,0.0524746937613918,118.47029,21.16385
1121040044043,53506.1636643866,13.435184,0.0524925635181213,118.47035,21.16387
1121040044043,53688.3682767246,13.384307,0.052215865313763,118.47035,21.16388
1121040044043,53688.3757112385,13.378213,0.0521994161745164,118.47031,21.16385
1121040044043,53688.3831246877,13.385157,0.052213471356331,118.47034,21.16386
1121040044043,53688.3906102432,13.363765,0.0521679733415267,118.47034,21.16388
1121040044043,53699.4388949769,13.448487,0.0523195385700591,118.47034,21.16387
1121040044043,53699.4486914119,13.453009,0.0523340975771561,118.47035,21.16385
1121040044043,53699.4585165507,13.444576,0.0523156072936269,118.47034,21.16386
1121040044043,53699.4684434375,13.455503,0.052342907371823,118.47034,21.16387
1121040044043,53650.4813342709,13.465697,0.0526903944004695,118.47037,21.16386
1121040044043,53650.4851569096,13.464273,0.052695288480222,118.47037,21.16385
1121040044043,53650.4889959954,13.462818,0.0526793180926634,118.47037,21.16385
1121040044043,53650.4928362267,13.463597,0.0526578669828075,118.47036,21.16386
1121040044043,53655.4160392708,13.462413,0.0526673554167378,118.47037,21.16386
1121040044043,53655.4208617243,13.464646,0.0526624432578837,118.47037,21.16386
1121040044043,53655.4257274768,13.462757,0.0526491976684475,118.47036,21.16385
1121040044043,53655.4305774886,13.460489,0.0526391021392851,118.47036,21.16385
1121040044043,53669.4709271067,13.406544,0.0522153054704073,118.47035,21.16386
1121040044043,53669.4779110183,13.382549,0.052159748229605,118.47034,21.16385
1121040044043,53669.4848816204,13.406231,0.0522051521434968,118.47035,21.16386
1121040044043,53669.4919010648,13.406454,0.0521369113557889,118.47035,21.16386
1121040044043,53636.4631426851,13.450422,0.0526689485858576,118.47037,21.16385
1121040044043,53636.4680195488,13.452366,0.0526692351758467,118.47037,21.16386
1121040044043,53636.4728905093,13.449252,0.0526461072113961,118.47038,21.16387
1121040044043,53636.4777267361,13.457016,0.0526557349331232,118.47037,21.1639
1121040044043,53827.1463753702,13.442353,0.0524083919694279,118.47034,21.16386
1121040044043,53827.1528350692,13.450589,0.0524268417940676,118.47034,21.16386
1121040044043,53827.1592841204,13.444249,0.0524141138337362,118.47034,21.16387
1121040044043,53827.1657191552,13.452674,0.0524361499998725,118.47034,21.16387
1121040044043,53834.1539864238,13.481094,0.0531248749009774,118.47035,21.16385
1121040044043,53834.1617126158,13.476479,0.0531158629250342,118.47034,21.16387
1121040044043,53834.1694473728,13.463826,0.0530856216724107,118.47035,21.16387
1121040044043,53834.1771852664,13.473174,0.0531121062455004,118.47032,21.16387
1121040044043,53844.1260195253,13.505978,0.0525778600027177,118.47033,21.16387
1121040044043,53844.1314096064,13.508609,0.0525880068327102,118.47033,21.16387
1121040044043,53844.1367986458,13.50709,0.0525969767492263,118.47033,21.16385
1121040044043,53844.1421559723,13.50829,0.0526028612022044,118.47032,21.16385
1121040044043,54080.4826551275,13.450929,0.0603431807402543,118.47034,21.16387
1121040044043,54080.4836747338,13.456029,0.0604286213577646,118.47034,21.16384
1121040044043,54080.4846443403,13.444992,0.0603717107456377,118.47038,21.16388
1121040044043,54080.4856586344,13.435636,0.0603086190649535,118.47036,21.1639
1121040044043,54095.2927736691,13.475403,0.0525509060095604,118.47035,21.16387
1121040044043,54095.3028773032,13.470707,0.0528175986762116,118.47033,21.16387
1121040044043,54095.3130237502,13.482208,0.0525109791397659,118.47034,21.16387
1121040044043,54095.3232340971,13.495902,0.0524958422808684,118.47034,21.16386
1121040044043,53768.2682616552,13.495446,0.0523980585569012,118.47034,21.16386
1121040044043,53768.2747566551,13.486812,0.0523895740402379,118.47035,21.16387
1121040044043,53768.2812604513,13.501203,0.05242255108284,118.47034,21.16387
1121040044043,53768.2877239697,13.479414,0.0523679295784117,118.47033,21.16386
1121040044043,53786.1753587267,13.464599,0.0522951512532879,118.47033,21.16386
1121040044043,53786.1801663656,13.460914,0.0523178944882602,118.47032,21.16386
1121040044043,53786.1849568863,13.45706,0.0522772449403567,118.47032,21.16387
1121040044043,53786.1897396413,13.460347,0.0522555820338675,118.47032,21.16386
1121040044043,53753.2103301273,13.389167,0.0521899962692273,118.47033,21.16385
1121040044043,53753.2173604514,13.385024,0.0521705000506539,118.47034,21.16387
1121040044043,53753.2243706482,13.383271,0.0521606970488212,118.47034,21.16386
1121040044043,53753.2314203009,13.374583,0.0521397963821996,118.47035,21.16388
1121040044043,53754.2259562152,13.363859,0.0531440526662337,118.47033,21.16387
1121040044043,53754.2276271295,13.371483,0.0531727387793441,118.47035,21.16387
1121040044043,53754.2292847337,13.367616,0.0531610659359353,118.47035,21.16386
1121040044043,53754.2309421065,13.366033,0.0531538195097145,118.47035,21.16385
1121040044043,53881.1335070137,13.67332,0.0562038046949461,118.4703,21.16383
1121040044043,53881.1358784259,13.473093,0.0556699192993523,118.47032,21.16384
1121040044043,53881.1382497339,13.429625,0.0557444922766502,118.47028,21.16384
1121040044043,53881.1406174422,13.388047,0.055755817361503,118.47034,21.16386
1121040044043,54056.4258036688,13.399675,0.0519566849627025,118.47036,21.16386
1121040044043,54056.4330536807,13.406209,0.0519728846251089,118.47034,21.16387
1121040044043,54056.4403665508,13.400547,0.05195241933143,118.47034,21.16386
1121040044043,54056.4477105439,13.395506,0.0519424186761043,118.47035,21.16385
1121040044043,54028.4177785185,13.51736,0.0522466908389612,118.47035,21.16385
1121040044043,54028.4283556598,13.514463,0.0522261141671224,118.47036,21.16385
1121040044043,54028.4389744792,13.515856,0.0522192815504279,118.47036,21.16387
1121040044043,54028.4494929398,13.511153,0.0522041449415729,118.47036,21.16386
1121040044043,54205.1352034258,13.456601,0.0522612413985584,118.47033,21.16386
1121040044043,54205.1411566087,13.459951,0.0522790591111769,118.47034,21.16385
1121040044043,54205.1470993864,13.45867,0.0522754604201876,118.47033,21.16386
1121040044043,54205.1530547799,13.452678,0.0522738142081346,118.47032,21.16386
1121040044043,54437.340162558,13.388373,0.0519806315774218,118.47036,21.16386
1121040044043,54437.3476616666,13.390867,0.0519928309439026,118.47036,21.16387
1121040044043,54437.3551840279,13.389293,0.0519855186502521,118.47036,21.16387
1121040044043,54437.3626941205,13.374538,0.0519606668785137,118.47035,21.16386
1121040044043,54454.2781895371,13.472015,0.0522231647796345,118.47036,21.16386
1121040044043,54454.2847176506,13.453055,0.0521794517041486,118.47035,21.16387
1121040044043,54454.2912352197,13.463293,0.0521884136618636,118.47034,21.16386
1121040044043,54454.2977785994,13.488686,0.0522404156077343,118.47035,21.16385
1121040044043,54464.3288578126,13.45386,0.0522615916879492,118.47036,21.16387
1121040044043,54464.3353258451,13.454931,0.0522222354360739,118.47035,21.16386
1121040044043,54464.3418627433,13.452678,0.0521785778446682,118.47035,21.16387
1121040044043,54464.3483335534,13.469683,0.0522111076529708,118.47033,21.16386
1121040044043,54138.1820892245,13.430813,0.0522874658831272,118.47036,21.16386
1121040044043,54138.1886301735,13.428673,0.0524544092105261,118.47034,21.16386
1121040044043,54138.1951539931,13.407799,0.0523111561107031,118.47035,21.16386
1121040044043,54138.2016789699,13.424615,0.0522177288142563,118.47034,21.16386
1121040044043,54108.3056481481,13.37767,0.0520543408771299,118.47037,21.16391
1121040044043,54108.3120966088,13.384321,0.0520585906255894,118.47038,21.16388
1121040044043,54108.3185683447,13.370585,0.052027685810452,118.47035,21.16388
1121040044043,54108.325028854,13.402104,0.0520954595873204,118.47033,21.16386
1121040044043,54115.2068259721,13.361675,0.0519416099765494,118.47036,21.16386
1121040044043,54115.2166844443,13.35777,0.0519273106165033,118.47036,21.16386
1121040044043,54115.2265981366,13.355206,0.051914984350883,118.47037,21.16386
1121040044043,54115.2365581133,13.353746,0.051905582024612,118.47036,21.16387
1121040044043,54124.2939469097,13.379036,0.0520254364941252,118.47032,21.1639
1121040044043,54124.2999084261,13.374905,0.0520237633755177,118.47035,21.16383
1121040044043,54124.3058381248,13.3827,0.0520214986865201,118.47038,21.16383
1121040044043,54124.311754155,13.382858,0.052017182487193,118.47034,21.16387
1121040044043,54231.1338534723,13.401083,0.0522801378511277,118.47033,21.16385
1121040044043,54231.1391835995,13.389054,0.0522749296044161,118.47031,21.16385
1121040044043,54231.1445361804,13.400426,0.0523179506636886,118.47032,21.16385
1121040044043,54231.1498940857,13.379342,0.0522730122347461,118.4703,21.16385
1121040044043,54411.4012909145,13.429103,0.0521575909818379,118.47037,21.16386
1121040044043,54411.4096607757,13.409132,0.0521062039926758,118.47035,21.16387
1121040044043,54411.4180375808,13.417072,0.0521133970960066,118.47036,21.16386
1121040044043,54411.4263667013,13.4492,0.0521762377496971,118.47036,21.16386
1121040044043,54421.3759285766,13.391042,0.0520620331163292,118.47034,21.16386
1121040044043,54421.3840512037,13.417556,0.0521187911963889,118.47035,21.16387
1121040044043,54421.3922070488,13.416786,0.0521127108774753,118.47035,21.16388
1121040044043,54421.4003399769,13.445985,0.052162146574885,118.47034,21.16387
1121040044043,54386.4189332407,13.407455,0.0521559598251584,118.47037,21.16384
1121040044043,54386.4260037267,13.391121,0.0521101498182696,118.47037,21.16388
1121040044043,54386.4330509491,13.391309,0.0521000873719486,118.47037,21.16387
1121040044043,54386.4400633448,13.425344,0.0521594362684477,118.47037,21.16384
1121040044043,54351.4978170835,13.400405,0.0545481879534567,118.47026,21.16391
1121040044043,54573.1778102662,13.394023,0.0521859796445969,118.47032,21.16385
1121040044043,54573.1875746413,13.429329,0.0522574613721133,118.47032,21.16384
1121040044043,54573.1973378589,13.405516,0.0522323621290202,118.47032,21.16387
1121040044043,54573.2070879978,13.406397,0.0522482775821328,118.47033,21.16387
1121040044043,54580.1364312499,13.436241,0.0532333013856163,118.47033,21.16386
1121040044043,54580.1416293054,13.439068,0.0532379156886307,118.47033,21.16387
1121040044043,54580.1467612732,13.436108,0.05323563236952,118.47032,21.16387
1121040044043,54580.1519236804,13.443386,0.0532682082001412,118.47032,21.16389
1121040044043,54502.1900045718,13.402531,0.0520381416895442,118.47036,21.16386
1121040044043,54502.1981101851,13.385166,0.0520039913620986,118.47035,21.16386
1121040044043,54502.206211736,13.388781,0.0520053617015033,118.47035,21.16386
1121040044043,54502.2143007987,13.392782,0.0520100366140519,118.47037,21.16386
1121040044043,54475.4362403243,13.406504,0.0520667383184161,118.47033,21.16385
1121040044043,54475.4433269096,13.414768,0.0520916770010811,118.47034,21.16386
1121040044043,54475.4503810764,13.404465,0.0520760843787053,118.47033,21.16388
1121040044043,54475.4574272567,13.404645,0.0520920677851827,118.47034,21.16386
1121040044043,54495.2479431713,13.369827,0.0519734771600319,118.47036,21.16386
1121040044043,54495.2544401391,13.379194,0.0519958886941807,118.47036,21.16386
1121040044043,54495.2609692826,13.384339,0.0520046542410258,118.47035,21.16386
1121040044043,54495.2675020141,13.377549,0.0519889620499279,118.47035,21.16388
1121040044043,54528.1048448035,13.400846,0.0521487251777281,118.47035,21.16388
1121040044043,54528.1124425116,13.41348,0.0521527780911454,118.47034,21.16385
1121040044043,54528.1200111806,13.404955,0.0521191298337459,118.47036,21.16385
1121040044043,54528.1276209373,13.399368,0.0521421459620977,118.47036,21.16386
1121040044043,54592.1361616665,13.399887,0.0534637829371956,118.47031,21.16385
1121040044043,54592.140905081,13.38988,0.0534476179502568,118.47031,21.16385
1121040044043,54592.1456529975,13.383161,0.0534402136122715,118.47035,21.16384
1121040044043,54592.1503513774,13.39029,0.0534782331149441,118.47031,21.16386
1121040044043,54600.1412449653,13.3804,0.0534353033891812,118.47035,21.16383
1121040044043,54600.1450606712,13.391078,0.0534691452011476,118.47034,21.16389
1121040044043,54600.1488658331,13.373017,0.0534613376220888,118.47027,21.16381
1121040044043,54600.1526593055,13.384758,0.0535002102647542,118.47031,21.16387
1121040044043,54937.1230508798,13.381937,0.0532411173464107,118.47033,21.16385
1121040044043,54937.1276435993,13.385778,0.0533039518443718,118.47034,21.16386
1121040044043,54937.1343899999,13.402812,0.0536148924956801,118.47033,21.16385
1121040044043,54937.1394089006,13.3799,0.0533175235940236,118.47031,21.16386
1121040044043,54883.1606228589,13.4312,0.0521183922021078,118.47035,21.16387
1121040044043,54859.1343584722,13.354174,0.0519379931633391,118.47037,21.16386
1121040044043,54859.1398712499,13.359211,0.0519404975796143,118.47037,21.16384
1121040044043,54859.1452690857,13.361594,0.0520176960711156,118.47036,21.16385
1121040044043,54859.1507518748,13.366642,0.0519385795099443,118.47037,21.16387
1121040044043,54905.1635165974,13.428566,0.05211851309644,118.47034,21.16385
1121040044043,54905.1683104746,13.418339,0.0521016376624902,118.47035,21.16386
1121040044043,54905.1732136109,13.401095,0.052079234593711,118.47034,21.16384
1121040044043,54905.178040463,13.412886,0.0520936676910907,118.47032,21.16385
1121040044043,55146.4759518867,13.375326,0.0526020729791962,118.47035,21.16385
1121040044043,55146.4795116321,13.355574,0.0524433979721024,118.47035,21.16385
1121040044043,55146.4832276735,13.361819,0.0524331421542946,118.47034,21.16385
1121040044043,55146.4869396645,13.370881,0.0523372700380781,118.47035,21.16386
1121040044043,55161.3789398032,13.352124,0.0520103585211527,118.47035,21.16388
1121040044043,55161.3874035184,13.362599,0.0520240663922442,118.47036,21.16387
1121040044043,55161.3957859953,13.366433,0.0520282825566965,118.47036,21.16387
1121040044043,55161.4041711576,13.420481,0.0520253353697996,118.47035,21.16387
1121040044043,55162.3178148726,13.36897,0.0521620465559929,118.47033,21.16388
1121040044043,55162.3269325229,13.350705,0.0521142282708738,118.47035,21.16385
1121040044043,55162.3360627084,13.352401,0.0521087452043552,118.47036,21.16387
1121040044043,55162.3451829632,13.351273,0.0520988365802832,118.47036,21.16386
1121040044043,55118.436162604,13.438356,0.0523101921941772,118.47036,21.16389
1121040044043,55118.441714861,13.435609,0.0522772585716871,118.47035,21.16387
1121040044043,55118.4472827315,13.426415,0.0522449462528242,118.47035,21.16386
1121040044043,55118.4525702894,13.445783,0.0522971001366142,118.47036,21.16387
1121040044043,55126.4486045139,13.478953,0.0523389516940661,118.47035,21.16386
1121040044043,55126.4547898844,13.489797,0.0523561415266267,118.47036,21.16387
1121040044043,55126.4609422917,13.449305,0.0522711382854955,118.47035,21.16385
1121040044043,55126.467071991,13.464018,0.0523002712894822,118.47035,21.16387
1121040044043,55085.4827779979,13.420276,0.0524116330119178,118.47038,21.16384
1121040044043,55085.4870165163,13.414618,0.0523923273678993,118.47038,21.16381
1121040044043,55085.4912928818,13.425146,0.0525330930398273,118.47039,21.16384
1121040044043,55085.4955603355,13.422594,0.0524842725804706,118.47037,21.16385
1121040044043,55103.4792267593,13.337064,0.0531233062364354,118.47037,21.16387
1121040044043,55103.4822113078,13.335232,0.0531330983094217,118.47036,21.16387
1121040044043,55103.4851910762,13.329314,0.0531133103138899,118.47035,21.16386
1121040044043,55103.4881677313,13.324971,0.0530933999104447,118.47036,21.16386
1121040044043,55296.1251635995,13.340665,0.0530270127716698,118.47035,21.16387
1121040044043,55296.1305570371,13.348283,0.0530510801333123,118.47035,21.16387
1121040044043,55296.1360001505,13.336534,0.0530285615856013,118.47035,21.16387
1121040044043,55296.1414146527,13.339549,0.0530399185445755,118.47035,21.16388
1121040044043,55541.4006418403,13.430014,0.0516405533422213,118.47033,21.16386
1121040044043,55541.4144805207,13.467,0.0517086061623924,118.47033,21.16385
1121040044043,55541.4213333217,13.458234,0.0516900424604079,118.47033,21.16386
1121040044043,55557.2949254975,13.375372,0.0545847059190455,118.47036,21.16384
1121040044043,55557.3041244793,13.391999,0.0552422531284554,118.47036,21.16384
1121040044043,55557.3087307291,13.384076,0.0556849235671935,118.47033,21.16387
1121040044043,55232.1275491433,13.34613,0.0525629025922252,118.47035,21.16387
1121040044043,55232.1321078239,13.350195,0.0525567425355548,118.47036,21.16386
1121040044043,55232.1366707988,13.341646,0.0525262592030995,118.47035,21.16386
1121040044043,55232.1412240279,13.346811,0.0525425729061242,118.47036,21.16387
1121040044043,55232.1457681249,13.351522,0.0525522138953424,118.47035,21.16387
1121040044043,55236.1833972451,13.374644,0.0520344693898089,118.47036,21.16386
1121040044043,55202.2720269794,13.413747,0.0520727086105121,118.47035,21.16387
1121040044043,55202.2777529629,13.396373,0.0520235277465494,118.47036,21.16385
1121040044043,55202.2835270716,13.416824,0.0520746699047727,118.47036,21.16387
1121040044043,55202.2892405554,13.410306,0.052050391877647,118.47035,21.16387
1121040044043,55211.2989159837,13.323825,0.0519396272608148,118.47034,21.16387
1121040044043,55211.3069154746,13.329009,0.0519473665624958,118.47034,21.16385
1121040044043,55211.3149227086,13.340985,0.0519732616597812,118.47033,21.16386
1121040044043,55211.3229769329,13.332251,0.0519628336154973,118.47035,21.16385
1121040044043,55259.2353382525,13.423018,0.0521300133520822,118.47035,21.16388
1121040044043,55259.2410104629,13.443752,0.0521739775088386,118.47035,21.16388
1121040044043,55259.2467921181,13.428827,0.0521464254621328,118.47036,21.16388
1121040044043,55259.2525680438,13.442421,0.052177021533786,118.47036,21.16388
1121040044043,55267.1653380554,13.367038,0.0530483736413481,118.47036,21.16388
1121040044043,55267.1689705091,13.358752,0.053025084381928,118.47036,21.16388
1121040044043,55267.1725750926,13.365267,0.0530372977797436,118.47036,21.16388
1121040044043,55267.1761819792,13.35969,0.0530312811054947,118.47036,21.16387
1121040044043,55276.1594339237,13.328673,0.0520250994447929,118.47035,21.16388
1121040044043,55276.1657388657,13.34153,0.0520570802723811,118.47036,21.16387
1121040044043,55276.1719743866,13.331347,0.0520352279054665,118.47036,21.16387
1121040044043,55276.1782067246,13.332773,0.0520437615311449,118.47037,21.16387
1121040044043,55510.3897867478,13.402873,0.0522034609971189,118.47034,21.16386
1121040044043,55510.4026792245,13.420515,0.0522249991876542,118.47036,21.16387
1121040044043,55510.4091026504,13.405551,0.0521897153455213,118.47034,21.16387
1121040044043,55528.449837905,13.37737,0.0531845650603315,118.47033,21.16387
1121040044043,55528.4638719099,13.380529,0.0531934015675974,118.47033,21.16388
1121040044043,55528.470910405,13.369267,0.0531839250575618,118.47032,21.16387
1121040044043,55477.4722198262,13.362033,0.0521411736312258,118.47035,21.16387
1121040044043,55477.4861852429,13.362466,0.0521311116391136,118.47034,21.16384
1121040044043,55477.4931720719,13.354404,0.0521152890983343,118.47035,21.16388
1121040044043,55500.4458976388,13.414252,0.0522468640894985,118.47036,21.16387
1121040044043,55500.4527639351,13.440217,0.0522564811043742,118.47035,21.16386
1121040044043,55500.4596266784,13.405411,0.0522249205184107,118.47035,21.16387
1121040044043,55500.4665663773,13.421457,0.0522566019207659,118.47036,21.16386
1121040044043,55455.4783858564,13.390532,0.052182051381998,118.47036,21.16387
1121040044043,55455.4924158333,13.387713,0.0521466601931841,118.47037,21.16386
1121040044043,55455.4994103937,13.392225,0.0521385188139547,118.47036,21.16387
1121040044043,55655.160266192,13.42802,0.0517339212394458,118.47033,21.16387
1121040044043,55655.1664659258,13.420494,0.0517264504000779,118.47033,21.16385
1121040044043,55655.172711308,13.406851,0.0517054878890958,118.47032,21.16385
1121040044043,55655.1789510649,13.397593,0.0516854830745175,118.47032,21.16386
1121040044043,55597.1769401737,13.447254,0.0516962954276916,118.47033,21.16386
1121040044043,55597.1845104744,13.455862,0.0517100522694351,118.47033,21.16387
1121040044043,55597.1920649073,13.436075,0.051667687436643,118.47033,21.16388
1121040044043,55597.1996416783,13.435186,0.0516633510047982,118.47034,21.16386
1121040044043,55572.2210766086,13.397705,0.0522486912432116,118.47035,21.16388
1121040044043,55572.2274190509,13.370165,0.052179033698925,118.47035,21.16388
1121040044043,55572.2336877775,13.373759,0.0521940507734652,118.47035,21.16388
1121040044043,55572.2400275692,13.379584,0.0521933464177007,118.47034,21.16387
1121040044043,55585.3812603935,13.375101,0.0527572774136208,118.47032,21.16385
1121040044043,55585.387456354,13.362209,0.0527402591984409,118.47032,21.16386
1121040044043,55585.3937078126,13.365321,0.0527418361698016,118.47033,21.16385
1121040044043,55585.3999524539,13.378192,0.0527849155639244,118.47032,21.16387
1121040044043,55624.1584824075,13.395548,0.05168257988334,118.47034,21.16387
1121040044043,55624.1666530672,13.387953,0.0516410307445308,118.47034,21.16385
1121040044043,55624.1748767592,13.387255,0.0516336261991033,118.47033,21.16386
1121040044043,55624.1830400348,13.399559,0.0516549748378964,118.47032,21.16386
1121040044043,54351.4993729516,13.392004,0.0555100113902646,118.47037,21.16385
1121040044043,54351.500691065,13.376143,0.0554371186414716,118.47037,21.16386
1121040044043,54351.5020234258,13.398245,0.0555126489218428,118.47038,21.16385
1121040044043,54351.5033657406,13.410961,0.0555397127580671,118.47036,21.16386
1121040044043,54883.1648471411,13.422932,0.0521004568865938,118.47034,21.16387
1121040044043,54883.1709900349,13.439745,0.0521548527958079,118.47034,21.16385
1121040044043,54883.1770703127,13.441907,0.0521673706678605,118.47035,21.16386
1121040044043,54883.1831133217,13.47453,0.0521894217164753,118.47037,21.16385
1121040044043,55829.4929142362,13.194709,0.0551737375391851,118.47041,21.1639
1121040044043,55829.4974962963,13.514219,0.0572160255913958,118.47038,21.16387
1121040044043,55829.5021375926,13.655139,0.0580020391383232,118.47033,21.1639
1121040044043,55829.5067563309,15.979715,0.076630464156263,118.4704,21.16395
1121040044043,55849.4683024075,13.372021,0.0540721634048156,118.47038,21.16388
1121040044043,55849.4751468056,13.347921,0.0539650219634071,118.47039,21.16388
1121040044043,55849.4820080095,13.35286,0.0540446613056725,118.47038,21.16388
1121040044043,55849.4888840511,13.351662,0.0539919140851068,118.47038,21.16387
1121040044043,55883.4409800693,13.42149,0.0521041937638431,118.47037,21.16388
1121040044043,55883.4476258797,13.422429,0.0521113876287101,118.47035,21.16387
1121040044043,55883.4543266897,13.402748,0.0520689578985032,118.47036,21.16387
1121040044043,55883.4610401159,13.417204,0.0520988961141409,118.47036,21.16388
1121040044043,55919.383201655,13.40623,0.0522138223739081,118.47036,21.16388
1121040044043,55919.391721088,13.409493,0.0522174028392125,118.47034,21.16388
1121040044043,55919.4003172685,13.418594,0.0522263372748347,118.47034,21.16388
1121040044043,55919.408920486,13.391381,0.0521686391157297,118.47037,21.16388
1121040044043,55930.3212407059,13.424552,0.0521914017851947,118.47035,21.16388
1121040044043,55930.3314995486,13.407571,0.0521555119249591,118.47034,21.16388
1121040044043,55930.3417246412,13.410517,0.0521630721122207,118.47034,21.16387
1121040044043,55930.3520518518,13.420092,0.0521848470019164,118.47036,21.16388
1121040044043,55939.3861415624,13.410204,0.0521153855804967,118.47034,21.16387
1121040044043,55939.3934405441,13.395492,0.0520971469716607,118.47034,21.16388
1121040044043,55939.4007544676,13.413193,0.0521355876184007,118.47034,21.16386
1121040044043,55939.4080414237,13.387477,0.0520931578743681,118.47034,21.16387
1121040044043,55967.3047312154,13.45629,0.0522763183312944,118.47035,21.16389
1121040044043,55967.3132292363,13.461175,0.0522964501993032,118.47035,21.16388
1121040044043,55967.3216598611,13.44721,0.0522676282269584,118.47036,21.16388
1121040044043,55967.3302231599,13.450356,0.0522813131513349,118.47035,21.16387
1121040044043,56007.1533315278,13.486906,0.0517192023151276,118.47034,21.16387
1121040044043,56007.1636074654,13.487547,0.0517282171962263,118.47034,21.16387
1121040044043,56007.1739033683,13.460225,0.0516806737954949,118.47034,21.16387
1121040044043,56007.1842148382,13.478961,0.0517178137798993,118.47035,21.16387
1121040044043,56013.1122175464,13.4271,0.0523403213331327,118.47036,21.16387
1121040044043,56013.1172881713,13.448385,0.052387992583008,118.47035,21.16387
1121040044043,56013.1224488425,13.406979,0.0522937569553375,118.47035,21.16387
1121040044043,56013.1275192825,13.427081,0.052336543854151,118.47036,21.16386
1121040044043,56035.1531277429,13.450563,0.0523520327476636,118.47034,21.16388
1121040044043,56035.1581916437,13.421879,0.0522980963862423,118.47034,21.16387
1121040044043,56035.1632965277,13.440861,0.0523482088411761,118.47035,21.16386
1121040044043,56035.1684032637,13.44295,0.0523622768244125,118.47035,21.16387
1121040044043,56048.1333054164,13.450773,0.0524290908842533,118.47033,21.16386
1121040044043,56048.1394563196,13.451615,0.0524474286427376,118.47036,21.16389
1121040044043,56048.1458866205,13.432114,0.0524070587041329,118.47031,21.16388
1121040044043,56048.1522689005,13.398865,0.0523390087352555,118.47034,21.16386
1121040044043,56067.1423817822,13.439759,0.052307848100721,118.47036,21.16385
1121040044043,56067.1475267359,13.409793,0.0522770268577079,118.47032,21.16387
1121040044043,56067.1526359026,13.401128,0.0522799739366405,118.47034,21.16384
1121040044043,56067.1577135185,13.39234,0.0522819969335131,118.47028,21.16388
1121040044043,56213.4244759027,13.394985,0.0522767815566539,118.47039,21.16387
1121040044043,56213.4312887499,13.392844,0.0522559845285637,118.47037,21.16388
1121040044043,56213.4380999999,13.401829,0.0522605949492909,118.47038,21.16389
1121040044043,56213.4449804281,13.411942,0.052267966638729,118.47037,21.16389
1121040044043,56226.4099054746,13.470578,0.0524188620827193,118.47037,21.16388
1121040044043,56226.4162790626,13.436402,0.0523461144836634,118.47041,21.16392
1121040044043,56226.4225916667,13.417965,0.0523062597495443,118.47037,21.16389
1121040044043,56226.4289468285,13.396814,0.0522516038149313,118.47036,21.1639
1121040044043,56281.2693037731,13.429321,0.0522800558914091,118.47038,21.16387
1121040044043,56281.2777485531,13.432647,0.052270907616064,118.47038,21.16388
1121040044043,56281.2862678706,13.404872,0.0522018106608152,118.47037,21.16389
1121040044043,56281.2946918169,13.408624,0.0522034093929885,118.47037,21.16389
1121040044043,56295.2714682869,13.481368,0.0523534442185861,118.47035,21.16388
1121040044043,56295.2793627777,13.483462,0.0523528823386704,118.47036,21.16388
1121040044043,56295.2872880669,13.471259,0.0523203121097667,118.47037,21.16388
1121040044043,56295.295268808,13.444515,0.0522582676058458,118.47035,21.16386
1121040044043,56304.2986054745,13.508455,0.0517662502952328,118.47037,21.16387
1121040044043,56304.3074083448,13.492234,0.0517357526207024,118.47036,21.16388
1121040044043,56304.316315058,13.473549,0.0518203286828905,118.47035,21.16388
1121040044043,56304.3282030554,13.509165,0.0519204712609452,118.47037,21.16387
1121040044043,56323.1921179514,13.439401,0.0522879054502191,118.47035,21.16388
1121040044043,56323.1977149886,13.428075,0.0522620633750015,118.47036,21.16388
1121040044043,56323.2033509375,13.418547,0.0522404023438651,118.47036,21.16389
1121040044043,56323.2090265858,13.412224,0.0522359002220193,118.47036,21.16388
1121040044043,56329.2359995022,13.416063,0.0522456118579749,118.47036,21.1639
1121040044043,56329.2410996179,13.428991,0.0522795915464908,118.47035,21.16388
1121040044043,56329.2461753241,13.434438,0.0522891699974053,118.47035,21.16386
1121040044043,56329.2512853239,13.394677,0.052213146422663,118.47035,21.16388
1121040044043,56340.1846564929,13.430789,0.0522453855152,118.47035,21.16387
1121040044043,56340.1908471873,13.452664,0.0522909864027611,118.47037,21.16388
1121040044043,56340.1969494559,13.468541,0.0523242427878413,118.47036,21.16386
1121040044043,56340.2031489699,13.465887,0.0523103737497755,118.47037,21.16388
1121040044043,56356.2253722684,13.483899,0.0524520579510284,118.47034,21.16387
1121040044043,56356.2321026619,13.488673,0.0524689894711381,118.47035,21.16387
1121040044043,56356.2388916551,13.506503,0.0525134447996234,118.47035,21.16387
1121040044043,56356.2457116665,13.483525,0.0524640401331546,118.47034,21.16388
1121040044043,55957.2489238771,13.525928,0.0517407953764252,118.47036,21.16387
1121040044043,55957.2550857522,13.513331,0.0517197321452333,118.47034,21.16386
1121040044043,55957.2612019096,13.493973,0.0516844050639322,118.47035,21.16388
1121040044043,55957.2673292941,13.502004,0.0516993199146698,118.47035,21.16386
1121040044043,56385.1187267131,13.400721,0.0522588322565159,118.47035,21.16388
1121040044043,56385.123199618,13.364622,0.0521924888913056,118.47035,21.16386
1121040044043,56385.1276928587,13.388081,0.0522333117426991,118.47034,21.16388
1121040044043,56385.1322065163,13.374334,0.0522130034770043,118.47035,21.16386
1121040044043,56411.1611635997,13.456148,0.0525657415504001,118.47028,21.16389
1121040044043,56411.1661585183,13.457726,0.0526014050297848,118.47028,21.16384
1121040044043,56411.1711692475,13.455265,0.0526066882917191,118.4704,21.16391
1121040044043,56411.1761758681,13.449896,0.0526108525989121,118.4703,21.16388
1121040044043,56419.1340323263,13.488201,0.0525503434803804,118.47034,21.16388
1121040044043,56419.1396575114,13.533056,0.0526815016362443,118.47033,21.16386
1121040044043,56419.1452504979,13.50471,0.0526440797837157,118.47034,21.16387
1121040044043,56419.1508942591,13.488923,0.0526141129868167,118.47033,21.16387
1121040044043,56579.4853486572,13.474382,0.0523465445725509,118.47037,21.16387
1121040044043,56579.4927388658,13.486505,0.0523654709340359,118.47037,21.16387
1121040044043,56579.4999718634,13.476823,0.0523404170178444,118.47037,21.16386
1121040044043,56579.5073129861,13.488492,0.0523618026437039,118.47038,21.16385
1121040044043,56596.391644896,13.507744,0.0524909810164929,118.47038,21.16385
1121040044043,56596.3982275464,13.509111,0.0524777385667147,118.47038,21.16388
1121040044043,56596.4048340046,13.495382,0.0524414221423354,118.47037,21.16386
1121040044043,56596.4114460531,13.49991,0.0524449088586016,118.47037,21.16387
